tileWarmaster2,-64,304,16,0,96,48,0,1,1,4294967295
tileWarmaster2,192,304,16,0,96,48,0,1,1,4294967295
tileWarmaster2,448,304,16,0,96,48,0,1,1,4294967295
tileWarmaster2,-32,160,64,32,64,80,0,1,1,4294967295
tileWarmaster2,-32,112,64,32,64,48,0,1,1,4294967295
tileWarmaster2,-32,64,64,32,64,48,0,1,1,4294967295
tileWarmaster2,-32,16,64,32,64,48,0,1,1,4294967295
tileWarmaster2,-32,0,64,64,64,16,0,1,1,4294967295
tileWarmaster2,448,160,0,32,64,80,0,1,1,4294967295
tileWarmaster2,448,112,0,32,64,48,0,1,1,4294967295
tileWarmaster2,448,64,0,32,64,48,0,1,1,4294967295
tileWarmaster2,448,16,0,32,64,48,0,1,1,4294967295
tileWarmaster2,448,0,0,64,64,16,0,1,1,4294967295
tileWarmaster2,32,16,16,80,96,32,0,1,1,4294967295
tileWarmaster2,128,16,16,80,96,32,0,1,1,4294967295
tileWarmaster2,256,16,16,80,96,32,0,1,1,4294967295
tileWarmaster2,352,16,16,80,96,32,0,1,1,4294967295
tileWarmaster2,224,16,16,80,32,32,0,1,1,4294967295
tileWarmaster2,32,0,16,16,96,16,0,1,1,4294967295
tileWarmaster2,128,0,16,16,96,16,0,1,1,4294967295
tileWarmaster2,256,0,16,16,96,16,0,1,1,4294967295
tileWarmaster2,352,0,16,16,96,16,0,1,1,4294967295
tileWarmaster2,224,0,16,16,32,16,0,1,1,4294967295
tileWarmaster2,288,304,48,0,32,48,0,1,1,4294967295
tileWarmaster2,320,304,48,0,32,48,0,1,1,4294967295
tileWarmaster2,160,304,48,0,32,48,0,1,1,4294967295
tileWarmaster2,128,304,48,0,32,48,0,1,1,4294967295
tileWarmaster2,32,304,16,0,96,48,0,1,1,4294967295
tileWarmaster2,352,304,16,0,96,48,0,1,1,4294967295
tileWarmaster2,0,240,128,96,32,48,0,1,1,4294967295
tileWarmaster2,0,288,128,160,32,16,0,1,1,4294967295
tileWarmaster2,448,288,128,160,32,16,0,1,1,4294967295
tileWarmaster2,448,240,128,96,32,48,0,1,1,4294967295
tileWarmaster2,32,192,128,96,32,112,0,1,1,4294967295
tileWarmaster2,64,192,128,96,32,112,0,1,1,4294967295
tileWarmaster2,96,192,128,96,32,112,0,1,1,4294967295
tileWarmaster2,128,192,128,96,32,112,0,1,1,4294967295
tileWarmaster2,160,192,128,96,32,112,0,1,1,4294967295
tileWarmaster2,288,192,128,96,32,112,0,1,1,4294967295
tileWarmaster2,320,192,128,96,32,112,0,1,1,4294967295
tileWarmaster2,352,192,128,96,32,112,0,1,1,4294967295
tileWarmaster2,384,192,128,96,32,112,0,1,1,4294967295
tileWarmaster2,416,192,128,96,32,112,0,1,1,4294967295
tileWarmaster2,32,48,0,144,128,144,0,1,1,4294967295
tileWarmaster2,320,48,0,144,128,144,0,1,1,4294967295
tileWarmaster2,160,48,176,160,32,32,0,1,1,4294967295
tileWarmaster2,160,80,176,160,32,32,0,1,1,4294967295
tileWarmaster2,160,112,176,160,32,32,0,1,1,4294967295
tileWarmaster2,288,48,176,160,32,32,0,1,1,4294967295
tileWarmaster2,288,80,176,160,32,32,0,1,1,4294967295
tileWarmaster2,288,112,176,160,32,32,0,1,1,4294967295
tileWarmaster2,160,144,176,160,32,32,0,1,1,4294967295
tileWarmaster2,160,176,176,160,32,16,0,1,1,4294967295
tileWarmaster2,288,176,176,160,32,16,0,1,1,4294967295
tileWarmaster2,288,144,176,160,32,32,0,1,1,4294967295
tileWarmaster2,192,48,128,0,96,96,0,1,1,4294967295
tileWarmaster2,192,144,128,0,96,96,0,1,1,4294967295
tileWarmaster2,208,240,160,160,64,32,0,1,1,4294967295
tileWarmaster2,208,272,160,160,64,32,0,1,1,4294967295
tileWarmaster2,192,240,160,160,16,32,0,1,1,4294967295
tileWarmaster2,192,272,160,160,16,32,0,1,1,4294967295
tileWarmaster2,272,240,208,160,16,32,0,1,1,4294967295
tileWarmaster2,272,272,208,160,16,32,0,1,1,4294967295
