tileWarmaster2,80,192,160,112,64,48,0,1,1,4294967295
tileWarmaster2,336,192,160,112,64,48,0,1,1,4294967295
tileWarmaster2,32,208,160,96,64,16,0,1,1,4294967295
tileWarmaster2,384,208,160,96,64,16,0,1,1,4294967295
tileWarmaster2,-16,160,96,112,32,32,0,1,1,4294967295
tileWarmaster2,-16,96,96,112,32,32,0,1,1,4294967295
tileWarmaster2,-16,32,96,112,32,32,0,1,1,4294967295
tileWarmaster2,464,160,96,112,32,32,0,1,1,4294967295
tileWarmaster2,464,96,96,112,32,32,0,1,1,4294967295
tileWarmaster2,464,32,96,112,32,32,0,1,1,4294967295
tileWarmaster2,224,336,96,112,32,16,0,1,1,4294967295
tileWarmaster2,96,336,96,112,32,16,0,1,1,4294967295
tileWarmaster2,352,336,96,112,32,16,0,1,1,4294967295
tileWarmaster2,160,128,176,112,32,48,0,1,1,4294967295
tileWarmaster2,288,128,176,112,32,48,0,1,1,4294967295
