oPlayer1,96,304,00176989,0,1,1,4294967295,0,0
oInvisibleSolid,0,0,000FEC0F,0,1,1,4294967295,0,1
oInvisibleSolid,0,304,002B5FB7,0,1,1,4294967295,0,1
oInvisibleSolid,0,48,00344622,0,1,1,4294967295,0,1
oInvisibleSolid,448,48,0003B314,0,1,1,4294967295,0,1
oWarshipFinalDoor,0,240,002FFA91,0,1,1,4294967295,0,0
oWarshipFinalDoor,448,240,00363878,0,1,1,4294967295,0,0
oWM2_EnvGlow,210,89,001174A2,0,1,1,4294967295,0,1
oWM2_EnvGlow,210,185,001614AC,0,1,1,4294967295,0,1
oWM2_EnvGlow,36,195,001AB090,0,1,1,4294967295,0,1
oWM2_EnvGlow,68,195,0015ED51,0,1,1,4294967295,0,1
oWM2_EnvGlow,100,195,0017D3CE,0,1,1,4294967295,0,1
oWM2_EnvGlow,132,195,00113D8E,0,1,1,4294967295,0,1
oWM2_EnvGlow,164,195,0029208D,0,1,1,4294967295,0,1
oWM2_EnvGlow,292,195,003DBA28,0,1,1,4294967295,0,1
oWM2_EnvGlow,324,195,000C1CB0,0,1,1,4294967295,0,1
oWM2_EnvGlow,356,195,000BA4F5,0,1,1,4294967295,0,1
oWM2_EnvGlow,388,195,001A225E,0,1,1,4294967295,0,1
oWM2_EnvGlow,420,195,001E00E3,0,1,1,4294967295,0,1
oWM2_EnvGlow,196,247,00012A15,0,1,1,4294967295,0,1
oWM2_EnvGlow,212,247,00334A5F,0,1,1,4294967295,0,1
oWM2_EnvGlow,196,279,00251ED4,0,1,1,4294967295,0,1
oWM2_EnvGlow,212,279,0021D7B5,0,1,1,4294967295,0,1
oWM2_EnvGlow,260,247,0013DBAA,0,1,1,4294967295,0,1
oWM2_EnvGlow,276,247,0015F736,0,1,1,4294967295,0,1
oWM2_EnvGlow,276,279,001D360B,0,1,1,4294967295,0,1
oWM2_EnvGlow,260,279,0027B69B,0,1,1,4294967295,0,1
oWM2_EnvGlow,32,64,00330BAE,0,1,1,4294967295,0,1
oWM2_EnvGlow,160,128,000D4C42,0,1,1,4294967295,0,1
oWM2_EnvGlow,320,128,00171662,0,1,1,4294967295,0,1
oWM2_EnvGlow,448,64,00139C41,0,1,1,4294967295,0,1
